     0/199    0.854G    0.1008   0.06591    0.0331    0.1998         4       640         0         0 7.005e-05 1.212e-05   0.09905   0.05235   0.03188
     1/199    0.856G   0.09384   0.06657   0.02866    0.1891         9       640         0         0 0.0001418 2.149e-05   0.08838   0.06008   0.02747
     2/199    0.856G   0.08868   0.06986   0.02428    0.1828         6       640   0.04192   0.05694   0.01773   0.00431   0.07798   0.06521   0.02105
     3/199    0.856G   0.08359    0.0663   0.02024    0.1701         4       640   0.06019    0.1553   0.07144   0.01873   0.06684   0.06028   0.01735
     4/199    0.856G   0.08069   0.06297   0.01854    0.1622         6       640    0.0217    0.2495   0.08247   0.02273    0.0631   0.06125   0.01739
     5/199    0.856G   0.07278   0.06139   0.01681     0.151         9       640   0.01715    0.2246   0.01877  0.006233   0.05965    0.0662   0.01712
     6/199    0.856G   0.07042   0.05908   0.01751     0.147         3       640   0.05637    0.2547    0.1068   0.03314   0.05542   0.05485   0.01635
     7/199    0.856G   0.06312   0.05897   0.01622    0.1383         8       640   0.06794    0.2692    0.2062   0.08675   0.04565   0.05268    0.0168
     8/199    0.856G   0.06132   0.05311   0.01677    0.1312        10       640   0.04877    0.2899    0.1963   0.07472   0.04627   0.04744   0.01612
     9/199    0.856G   0.05668   0.05187   0.01603    0.1246         5       640    0.1034     0.266    0.2354    0.1156   0.04369   0.04584   0.01493
    10/199    0.856G   0.05461   0.05119   0.01607    0.1219         2       640    0.1085    0.2826    0.2711     0.129   0.04138   0.04394   0.01458
    11/199    0.856G   0.05286    0.0519   0.01539    0.1202         5       640     0.167    0.3757    0.3469    0.1609   0.04051   0.04515    0.0143
    12/199    0.856G   0.05317   0.04895    0.0148    0.1169        17       640    0.1801    0.3728    0.3063   0.09436   0.04543   0.04135   0.01331
    13/199    0.856G   0.05223   0.04863   0.01453    0.1154         6       640    0.2232    0.4927    0.4217    0.1929   0.03668    0.0411   0.01292
    14/199    0.856G   0.04736   0.04449   0.01293    0.1048         8       640     0.222    0.5014    0.4273    0.1974   0.03609   0.03847    0.0115
    15/199    0.856G   0.04954   0.04593   0.01311    0.1086         4       640    0.2164     0.514    0.4367     0.202   0.03801   0.03759   0.01181
    16/199    0.856G   0.04762    0.0462   0.01227    0.1061         1       640    0.2791    0.4842    0.4594    0.1843   0.03945   0.03783   0.01144
    17/199    0.856G   0.04891   0.04774   0.01181    0.1085        32       640    0.1833    0.5515    0.4733    0.2355   0.03593   0.03879   0.01016
    18/199    0.856G   0.04549   0.04359   0.01118    0.1003         2       640    0.2203    0.5668     0.492     0.221   0.03531   0.03653  0.009738
    19/199    0.856G   0.04299   0.04505   0.01014   0.09818         9       640    0.2747    0.5322    0.4982    0.2328    0.0347   0.03559  0.009538
    20/199    0.856G   0.04425   0.04164   0.01015   0.09604         8       640     0.254    0.5612    0.5071    0.2587   0.03197   0.03614   0.01006
    21/199    0.856G   0.04304   0.04338   0.01037   0.09679        11       640    0.2476    0.5432    0.4912    0.2214   0.03397   0.03563  0.009275
    22/199    0.856G   0.04256   0.04188   0.00989   0.09433         4       640     0.214    0.5525    0.5014    0.2322   0.03228   0.03627  0.008963
    23/199    0.856G   0.04237   0.04179    0.0095   0.09366        10       640    0.2866    0.5215    0.5237    0.2718   0.03326   0.03419   0.00918
    24/199    0.856G   0.04144   0.04129  0.008203   0.09094        16       640    0.2731    0.5322    0.5064    0.2768   0.03035   0.03463  0.008779
    25/199    0.856G   0.03704   0.03926  0.008928   0.08523         8       640     0.376    0.5012    0.5182    0.2908    0.0289   0.03405  0.008622
    26/199    0.856G    0.0395   0.04194  0.009044   0.09048         8       640    0.2866    0.5355    0.5173     0.247   0.03469   0.03611  0.008586
    27/199    0.856G      0.04   0.04024  0.008877   0.08912        10       640    0.3134    0.5589    0.5543    0.2899   0.03155   0.03353    0.0084
    28/199    0.856G   0.03719   0.03902  0.008474   0.08468         7       640    0.3165    0.5827    0.5763    0.3109   0.02863    0.0326  0.008311
    29/199    0.856G   0.03893   0.03871  0.009611   0.08725         4       640    0.2891    0.5827    0.5726     0.302   0.03001   0.03261  0.008205
    30/199    0.856G   0.03872   0.03932  0.009145   0.08718         4       640    0.3947    0.5473    0.5621    0.2841   0.03021   0.03242  0.008223
    31/199    0.856G   0.03779   0.03959  0.007884   0.08526        47       640    0.3196    0.5733    0.5831    0.3024   0.03159   0.03305  0.008487
    32/199    0.856G   0.03761   0.03901  0.007844   0.08446         5       640    0.3486    0.5643    0.5905    0.3225   0.02923   0.03215  0.007869
    33/199    0.856G   0.03647   0.03994  0.008416   0.08482        11       640     0.685    0.6051    0.6229    0.3298   0.02793   0.03181  0.007224
    34/199    0.856G   0.03617   0.03835  0.008321   0.08285        10       640    0.3472    0.5765    0.6138    0.3286   0.02906   0.03182  0.007083
    35/199    0.856G   0.03627   0.03935   0.00799    0.0836        10       640    0.3272    0.5676    0.5925    0.3252   0.02832   0.03156  0.007559
    36/199    0.856G   0.03574   0.03764  0.008096   0.08148         6       640    0.3645    0.5805    0.5843    0.3197     0.027   0.03115  0.007805
    37/199    0.856G   0.03371   0.03609  0.007135   0.07694         2       640    0.3329    0.5686    0.5997    0.3293    0.0271   0.03117  0.007384
    38/199    0.856G   0.03648   0.03901  0.007843   0.08334         1       640    0.3343    0.5804    0.5882    0.2993   0.02957   0.03163  0.007984
    39/199    0.856G   0.03495   0.03774  0.007926   0.08061        12       640    0.5988    0.5931     0.646    0.3674   0.02748   0.03107  0.006601
    40/199    0.856G   0.03297   0.03865   0.00744   0.07906         6       640    0.3797    0.5599    0.5746     0.313   0.02731   0.03079  0.007574
    41/199    0.856G   0.03502   0.03734  0.007773   0.08013         5       640    0.3925    0.5804    0.6029    0.3282   0.02789   0.03146  0.006764
    42/199    0.856G   0.03471   0.03879  0.008084   0.08159         4       640    0.5441    0.6382    0.6739    0.3784   0.02742   0.03101  0.006213
    43/199    0.856G   0.03447   0.03882  0.007517    0.0808         9       640    0.4331    0.6156    0.6191    0.3393    0.0285   0.03103  0.006381
    44/199    0.856G   0.03437   0.03732  0.007831   0.07953         2       640    0.4142    0.6038    0.6177    0.3569   0.02685   0.03112  0.006401
    45/199    0.856G   0.03211   0.03543  0.007087   0.07463         9       640    0.4839     0.624    0.6164    0.3311   0.02655   0.03037  0.006837
    46/199    0.856G    0.0332   0.03596  0.006968   0.07612        18       640    0.4656    0.6209    0.6365     0.359   0.02647   0.03049  0.006661
    47/199    0.856G   0.03248   0.03465  0.006722   0.07385        11       640    0.5077    0.6239    0.6364    0.3592   0.02566   0.03001  0.006414
    48/199    0.856G    0.0332   0.03617  0.006308   0.07569         4       640    0.5941    0.6167    0.6511    0.3774   0.02596   0.03069  0.006725
    49/199    0.856G     0.032   0.03588  0.006502   0.07438         5       640    0.5726    0.6808    0.6745    0.3919   0.02643   0.03042  0.006582
    50/199    0.856G   0.03172   0.03683  0.007007   0.07556         6       640    0.5198    0.7063    0.6916    0.4051    0.0256   0.02984  0.006078
    51/199    0.856G   0.03157   0.03297  0.006801   0.07134        17       640    0.5175    0.6205    0.6413    0.3648   0.02622   0.02995  0.006743
    52/199    0.856G   0.03069   0.03349  0.006449   0.07063        11       640    0.5346    0.6752    0.6563    0.3926    0.0249   0.03028  0.006348
    53/199    0.856G   0.03225   0.03567  0.006351   0.07427         2       640    0.4791    0.6926    0.6916    0.3911   0.02575   0.02947  0.006234
    54/199    0.856G   0.03138   0.03546    0.0063   0.07314        11       640    0.5528    0.6785      0.67    0.4003   0.02512   0.02944  0.006087
    55/199    0.856G   0.03206   0.03519  0.006095   0.07335         5       640     0.603    0.7213     0.711    0.4138    0.0257   0.02966   0.00613
    56/199    0.856G   0.03315   0.03678  0.006459   0.07639         2       640    0.5067    0.6941    0.6939    0.4128   0.02615   0.02981  0.006291
    57/199    0.856G   0.03181   0.03553  0.006584   0.07393         1       640    0.4806    0.6764    0.6929    0.3946   0.02488    0.0295  0.006325
    58/199    0.856G    0.0315   0.03448  0.006682   0.07266        13       640    0.5276    0.7083    0.7113    0.4173   0.02549   0.02982  0.005706
    59/199    0.856G   0.03007   0.03443  0.006008    0.0705         8       640    0.6529    0.6966    0.7126    0.4331   0.02533   0.02949  0.005933
    60/199    0.856G   0.03107   0.03744  0.005881   0.07439         7       640    0.5532    0.7224    0.7116    0.4165   0.02536   0.02955  0.005892
    61/199    0.856G   0.03042   0.03357   0.00644   0.07044         6       640    0.5158    0.7123    0.6769    0.3857    0.0258   0.03036  0.006154
    62/199    0.856G   0.03075   0.03478  0.006493   0.07203         8       640    0.5031    0.7245    0.6877    0.4126   0.02436   0.02912  0.006326
    63/199    0.856G   0.02994   0.03401  0.006209   0.07016        20       640    0.5858     0.716    0.7206    0.4324   0.02457   0.02891  0.005283
    64/199    0.856G   0.02925   0.03218  0.005283   0.06672         2       640    0.6276    0.7191    0.7282    0.4543   0.02492    0.0292   0.00555
    65/199    0.856G   0.03036   0.03533  0.005838   0.07152         5       640    0.4231    0.7437    0.6941    0.4196   0.02426   0.02946  0.006574
    66/199    0.856G   0.02891   0.03212  0.006139   0.06716         4       640    0.5711    0.7063    0.7096     0.438   0.02376   0.02898   0.00577
    67/199    0.856G   0.03026   0.03403  0.005398   0.06969         8       640    0.5184    0.6988    0.7029    0.4306   0.02447   0.02911  0.005802
    68/199    0.856G   0.02972   0.03638  0.006082   0.07218         1       640    0.5177    0.7117    0.7256    0.4268   0.02556   0.02943  0.005488
    69/199    0.856G   0.03023   0.03264  0.005837    0.0687         5       640    0.5082     0.703    0.6932    0.4106    0.0243   0.02938  0.006114
    70/199    0.856G   0.02852   0.03042  0.005947   0.06488         2       640     0.483     0.742    0.7384    0.4507   0.02406   0.02923  0.005309
    71/199    0.856G   0.02963   0.03381  0.005941   0.06938         4       640    0.5196    0.7639    0.7323     0.442   0.02418   0.02883   0.00511
    72/199    0.856G   0.02993   0.03383  0.004859   0.06862        37       640    0.5147    0.7127    0.7137     0.434   0.02422   0.02908  0.005504
    73/199    0.856G   0.03016   0.03268  0.005245   0.06809         4       640    0.4865    0.7394    0.7111    0.4223   0.02396   0.02901  0.005576
    74/199    0.856G   0.02789   0.03188  0.005141   0.06491         5       640    0.5319    0.7127    0.7243    0.4336   0.02437   0.02878  0.004944
    75/199    0.856G   0.02987   0.03412  0.005206    0.0692         8       640    0.5144    0.7394     0.747    0.4281   0.02509   0.02901  0.004797
    76/199    0.856G   0.02909   0.03269  0.005136   0.06691         1       640    0.4751    0.7566    0.7351    0.4399   0.02395   0.02886  0.005603
    77/199    0.856G   0.02836   0.03351  0.005022   0.06689        18       640    0.5024    0.6977    0.7115    0.4115   0.02455   0.02938  0.006038
    78/199    0.856G   0.02814   0.03137  0.005114   0.06462         4       640    0.5501    0.7405    0.7537    0.4496   0.02457   0.02921  0.004845
    79/199    0.856G   0.02788   0.03232  0.005057   0.06526        10       640    0.5031    0.7757    0.7569    0.4678   0.02391   0.02951  0.004553
    80/199    0.856G   0.02885   0.03313  0.004634   0.06661        24       640    0.5575    0.7844    0.7642    0.4526   0.02457   0.02932  0.004375
    81/199    0.856G   0.02828   0.03394  0.005429   0.06765        35       640    0.5353    0.7556    0.7329    0.4367   0.02391   0.02907  0.005176
    82/199    0.856G   0.02914   0.03254  0.004805   0.06648         4       640    0.4768    0.7673    0.7581     0.458   0.02433    0.0288  0.004839
    83/199    0.856G   0.02754   0.03349  0.005028   0.06605         5       640    0.5141    0.7523    0.7634    0.4527   0.02356   0.02868  0.004681
    84/199    0.856G   0.02789   0.03312  0.004792   0.06581         2       640     0.523    0.7693    0.7483    0.4599     0.024   0.02905  0.004915
    85/199    0.856G   0.02874    0.0336    0.0053   0.06764        18       640    0.5253    0.7278    0.7434    0.4527   0.02369   0.02885  0.004989
    86/199    0.856G   0.02884   0.03127  0.004432   0.06455         2       640    0.5383    0.7736    0.7397    0.4407   0.02353   0.02864  0.005497
    87/199    0.856G   0.02736   0.03084  0.004428   0.06264        12       640    0.5322    0.7489    0.7271    0.4442   0.02381   0.02914   0.00541
    88/199    0.856G   0.02793   0.03156  0.004397   0.06388         3       640    0.5031    0.7767    0.7404    0.4635   0.02359   0.02894   0.00488
    89/199    0.856G   0.02729    0.0298  0.004721   0.06181         9       640    0.5329     0.766    0.7581    0.4667   0.02358   0.02896  0.004559
    90/199    0.856G   0.02728   0.03141  0.004349   0.06304         5       640    0.5226    0.7682    0.7516     0.473   0.02401   0.02934  0.004519
    91/199    0.856G   0.02787   0.03351  0.004484   0.06587         6       640    0.5087    0.7639    0.7165    0.4396   0.02397   0.02894  0.005135
    92/199    0.856G   0.02815    0.0332  0.004228   0.06558         7       640    0.4878    0.7448    0.7185    0.4428   0.02361   0.02907  0.005092
    93/199    0.856G   0.02667     0.032  0.004714   0.06339        11       640     0.561    0.6996    0.7088    0.4386   0.02295   0.02876  0.004832
    94/199    0.856G   0.02666   0.03096  0.004115   0.06174         8       640    0.5323    0.7649    0.7277    0.4611   0.02326   0.02882  0.004623
    95/199    0.856G   0.02658   0.03002  0.004165   0.06076        20       640    0.5412    0.7576    0.7281    0.4416    0.0234     0.029  0.005009
    96/199    0.856G    0.0273   0.03195  0.004475   0.06372        12       640    0.5217    0.7342     0.746    0.4576   0.02265   0.02797  0.004945
    97/199    0.856G   0.02615   0.03031  0.004461   0.06092         1       640    0.5278    0.7491    0.7727    0.4838   0.02359   0.02904  0.004114
    98/199    0.856G   0.02652   0.02989  0.004008   0.06042         4       640    0.5659    0.7513    0.7471    0.4573   0.02386    0.0292  0.004569
    99/199    0.856G   0.02727   0.03192  0.004489   0.06368        13       640    0.5223    0.7672    0.7653    0.4919   0.02325   0.02904  0.003731
   100/199    0.856G   0.02742   0.03198  0.004415   0.06382        20       640    0.5262    0.7618    0.7575    0.4814   0.02305   0.02916  0.004209
   101/199    0.856G   0.02607   0.03161  0.003975   0.06165        10       640    0.4994    0.7983    0.7743    0.4765    0.0232   0.02933  0.004525
   102/199    0.856G   0.02628   0.03134  0.003791   0.06141        11       640     0.596    0.7405    0.7624    0.4533   0.02322   0.02881  0.004637
   103/199    0.856G   0.02613   0.03176  0.003829   0.06172         9       640    0.5468    0.8014    0.7553    0.4702   0.02285    0.0288  0.004488
   104/199    0.856G    0.0267   0.03033  0.003917   0.06095        13       640    0.5697    0.7854    0.7793    0.4776   0.02296   0.02827  0.004714
   105/199    0.856G   0.02576   0.03117  0.003978   0.06091         4       640    0.5648    0.8366    0.7897    0.4963   0.02238   0.02791  0.003554
   106/199    0.856G   0.02578     0.031  0.004218     0.061        18       640    0.5504    0.7264    0.7521    0.4642   0.02302   0.02908  0.003179
   107/199    0.856G   0.02576   0.03153  0.003689   0.06098        21       640    0.5863    0.7611    0.7679    0.4746   0.02338   0.02919  0.003576
   108/199    0.856G   0.02637   0.03148  0.003742   0.06159         2       640    0.5596    0.8215    0.7834    0.4775   0.02311   0.02844  0.003912
   109/199    0.856G   0.02607   0.02973  0.004096    0.0599         6       640    0.5098    0.8068     0.777    0.4827   0.02315   0.02852  0.003748
   110/199    0.856G   0.02547   0.03002   0.00434   0.05983         6       640    0.5206    0.7748    0.7659    0.4697   0.02287   0.02852  0.004512
   111/199    0.856G   0.02611   0.02949  0.003448   0.05905         9       640    0.5891    0.7351    0.7399    0.4559   0.02256   0.02868  0.005246
   112/199    0.856G   0.02546   0.03019  0.003967   0.05962        57       640    0.5359    0.7757    0.7612    0.4628    0.0227    0.0284   0.00456
   113/199    0.856G   0.02543   0.03014  0.003832    0.0594         4       640    0.5952    0.7521    0.7617    0.4634   0.02289   0.02866  0.004438
   114/199    0.856G   0.02562   0.03064   0.00346   0.05972        26       640    0.5238    0.7512    0.7576    0.4707    0.0228   0.02862  0.005021
   115/199    0.856G   0.02559   0.02992  0.003727   0.05923        18       640    0.5095    0.8292    0.7612     0.464   0.02273   0.02883  0.004684
   116/199    0.856G   0.02492   0.03057  0.003918    0.0594        22       640    0.5349    0.7662    0.7564    0.4731   0.02253   0.02867  0.004949
   117/199    0.856G    0.0249   0.02907  0.003607   0.05758         8       640    0.5864     0.733    0.7424    0.4467   0.02358   0.02898  0.005177
   118/199    0.856G   0.02493   0.03014  0.003402   0.05848        16       640    0.5938    0.7713    0.7819    0.4613   0.02329   0.02859  0.004182
   119/199    0.856G   0.02526   0.02941  0.003191   0.05786         6       640    0.5696    0.8012     0.768    0.4618   0.02305   0.02834  0.004447
   120/199    0.856G   0.02477    0.0312  0.003679   0.05965        20       640    0.5584    0.8279    0.7685    0.4611   0.02295   0.02892  0.004229
   121/199    0.856G   0.02511   0.03054  0.003294   0.05894         3       640    0.5949    0.7297    0.7421     0.446    0.0231   0.02893   0.00522
   122/199    0.856G    0.0248   0.02946  0.003272   0.05753         8       640    0.6047    0.7372    0.7629    0.4841   0.02273   0.02887  0.004123
   123/199    0.856G   0.02504    0.0301  0.003744   0.05889         2       640    0.5618    0.7371    0.7356    0.4584   0.02261   0.02886  0.004996
   124/199    0.856G   0.02453   0.02907  0.003377   0.05698         3       640    0.5987    0.7425    0.7575    0.4584   0.02265    0.0288  0.005138
   125/199    0.856G   0.02401   0.02784  0.002953   0.05481         1       640    0.6017      0.78    0.7772    0.4599   0.02264   0.02885  0.004585
   126/199    0.856G   0.02513   0.02833  0.003117   0.05658        13       640    0.5693    0.8088    0.7872    0.4774   0.02262   0.02819  0.003739
   127/199    0.856G   0.02456    0.0292  0.002948   0.05671         3       640    0.6152    0.7596    0.7472    0.4593   0.02264   0.02934   0.00494
   128/199    0.856G    0.0242   0.02972  0.003532   0.05745         5       640    0.6085    0.7747    0.7705    0.4637   0.02241   0.02888  0.005058
   129/199    0.856G   0.02427   0.02891  0.003198   0.05638        13       640    0.6219    0.7307    0.7436    0.4496   0.02259   0.02876  0.005105
   130/199    0.856G   0.02446   0.02982  0.003257   0.05754        10       640    0.5731    0.8113    0.7864    0.4766   0.02288   0.02883  0.003943
   131/199    0.856G   0.02407   0.02742   0.00348   0.05497        15       640    0.5551    0.7991    0.7967    0.4851    0.0224   0.02869  0.003459
   132/199    0.856G   0.02407   0.02881  0.003495   0.05638         4       640    0.5649    0.7395    0.7623     0.464   0.02311   0.02907  0.004601
   133/199    0.856G   0.02486   0.03011  0.003107   0.05807        14       640    0.5394    0.7415     0.741    0.4464   0.02258   0.02878  0.005044
   134/199    0.856G   0.02416   0.02921  0.002853   0.05622         7       640     0.616      0.75     0.773    0.4624   0.02253   0.02879  0.004817
   135/199    0.856G    0.0244   0.02978  0.003376   0.05756        14       640    0.5771    0.7991    0.7869    0.4763   0.02255   0.02851  0.003919
   136/199    0.856G   0.02356    0.0297  0.002585   0.05585         9       640     0.556    0.7649    0.7722    0.4681   0.02258   0.02833  0.004787
   137/199    0.856G   0.02366   0.02681   0.00292   0.05339         5       640     0.559    0.8035    0.7977    0.4919   0.02236   0.02844  0.003235
   138/199    0.856G   0.02376   0.03098  0.003015   0.05775         7       640    0.5585     0.768    0.7719    0.4616   0.02268   0.02831  0.003693
   139/199    0.856G   0.02376   0.02978   0.00283   0.05637         5       640    0.6149    0.7969    0.7903    0.4678   0.02261   0.02839  0.003359
   140/199    0.856G   0.02306   0.02805  0.002561   0.05367         6       640    0.6481    0.7991    0.8066    0.4968   0.02258   0.02821  0.003497
   141/199    0.856G   0.02369    0.0284  0.003262   0.05536        52       640    0.5407    0.8137    0.8152    0.5122    0.0224   0.02809  0.003679
   142/199    0.856G   0.02404   0.02832    0.0023   0.05466         7       640      0.59    0.8002    0.7901    0.4828   0.02272   0.02858  0.004352
   143/199    0.856G   0.02415   0.02832   0.00279   0.05526        13       640    0.6087    0.7682    0.7632    0.4707   0.02284   0.02865  0.004581
   144/199    0.856G   0.02346    0.0284  0.002491   0.05435         2       640    0.5776     0.796    0.7892    0.4836    0.0226   0.02852  0.003736
   145/199    0.856G   0.02372   0.02864  0.003266   0.05562         7       640     0.618     0.792    0.7758    0.4795    0.0226   0.02855  0.003702
   146/199    0.856G    0.0233    0.0301  0.002758   0.05616         1       640    0.5723    0.7606    0.7536    0.4574   0.02241   0.02855   0.00448
   147/199    0.856G   0.02356   0.02841  0.002784   0.05475        14       640    0.5864    0.7938    0.7846    0.4893   0.02281    0.0287  0.003298
   148/199    0.856G   0.02355   0.02735  0.002476   0.05337         2       640    0.5957    0.7703    0.7863    0.4745   0.02259   0.02826  0.003296
   149/199    0.856G   0.02287   0.02768  0.002199   0.05275        10       640    0.6309    0.7703    0.7879    0.4766   0.02251   0.02876  0.003584
   150/199    0.856G   0.02365   0.03041  0.003039   0.05709        14       640    0.6362    0.7799    0.7708    0.4821   0.02249   0.02869  0.003421
   151/199    0.856G   0.02269   0.02633  0.003259   0.05228        64       640     0.603    0.8226    0.8115    0.4802   0.02243   0.02909  0.003674
   152/199    0.856G   0.02382   0.02973  0.002915   0.05647         7       640    0.5887    0.7767    0.7807    0.4765   0.02192   0.02853   0.00368
   153/199    0.856G   0.02304   0.02873  0.002866   0.05464         2       640     0.592    0.7971    0.7784     0.477   0.02229   0.02868  0.003189
   154/199    0.856G   0.02326   0.02823  0.002698   0.05419         2       640     0.587    0.8228    0.8089    0.4988   0.02213   0.02864  0.003216
   155/199    0.856G   0.02317   0.02865   0.00277   0.05459         3       640    0.6106    0.7842    0.7906    0.5002   0.02229   0.02892  0.003283
   156/199    0.856G   0.02365   0.02973   0.00293   0.05631         1       640    0.6486    0.7853    0.7586    0.4672   0.02257   0.02891  0.004061
   157/199    0.856G   0.02311   0.02782  0.002833   0.05376         2       640    0.6182      0.72     0.749    0.4521   0.02241   0.02924  0.004921
   158/199    0.856G   0.02318   0.02874  0.002273    0.0542        12       640    0.6562    0.7659    0.7661    0.4748   0.02265   0.02905   0.00467
   159/199    0.856G   0.02284   0.02719  0.003043   0.05308         5       640    0.5844    0.8293    0.7794    0.4853   0.02247   0.02887   0.00384
   160/199    0.856G   0.02268   0.02819  0.002663   0.05353        16       640    0.6395    0.8027    0.7813    0.4771   0.02221   0.02807  0.004306
   161/199    0.856G   0.02305   0.02778  0.002771    0.0536        10       640    0.5867    0.8153    0.8168    0.5124   0.02199   0.02799  0.002847
   162/199    0.856G   0.02328      0.03  0.002457   0.05574        14       640    0.6022    0.7896    0.7968    0.4864   0.02206   0.02833  0.003247
   163/199    0.856G   0.02331   0.02854  0.002542   0.05439        13       640    0.6254     0.795     0.794     0.502     0.022   0.02849  0.003276
   164/199    0.856G    0.0227   0.02704  0.003188   0.05293        22       640    0.6052    0.7596    0.7941       0.5   0.02188   0.02809  0.003168
   165/199    0.856G   0.02262   0.02666  0.002662   0.05195         1       640    0.6133    0.7981    0.7893     0.506   0.02148   0.02778   0.00348
   166/199    0.856G   0.02273    0.0271  0.002457   0.05229         4       640     0.637    0.8235    0.8148    0.5145   0.02171    0.0282  0.003059
   167/199    0.856G   0.02329   0.02782  0.002517   0.05362         3       640    0.6055    0.7991    0.8118    0.4948   0.02218   0.02856  0.002726
   168/199    0.856G   0.02305   0.02838   0.00264   0.05407         3       640    0.6726     0.771    0.8116    0.4911   0.02216    0.0285  0.003382
   169/199    0.856G   0.02197    0.0277  0.002578   0.05224         3       640    0.6443    0.7707    0.7929    0.4747   0.02236   0.02869  0.003251
   170/199    0.856G   0.02243   0.02743  0.002279   0.05214        11       640     0.651    0.7917     0.803     0.491   0.02225   0.02886  0.003414
   171/199    0.856G    0.0221   0.02638  0.002877   0.05136         1       640    0.6692    0.7917    0.8164    0.4908   0.02207   0.02876  0.003095
   172/199    0.856G   0.02233   0.02734  0.002528    0.0522        15       640    0.6789    0.7766     0.793     0.485   0.02214   0.02904  0.003231
   173/199    0.856G   0.02261   0.02718  0.002167   0.05195        12       640     0.648    0.7703    0.7863    0.4908   0.02185   0.02829  0.004243
   174/199    0.856G   0.02219   0.02786  0.002843    0.0529        10       640    0.6457    0.8309    0.8077    0.5061   0.02186    0.0283  0.002766
   175/199    0.856G   0.02285   0.02797  0.002448   0.05327        14       640     0.653    0.8068    0.7969    0.4875   0.02207   0.02839  0.003509
   176/199    0.856G   0.02236   0.02769  0.002744   0.05279         3       640    0.6605    0.7558    0.7737    0.4933   0.02181   0.02832  0.004136
   177/199    0.856G    0.0225   0.02715  0.002277   0.05192        11       640    0.6353    0.7747    0.7784    0.4741   0.02181   0.02814  0.003709
   178/199    0.856G   0.02232   0.02746  0.002381   0.05217        18       640    0.6201    0.8269     0.798    0.5167   0.02157   0.02817  0.003406
   179/199    0.856G   0.02222   0.02828  0.002521   0.05303         4       640    0.6444    0.7802    0.7881    0.4965   0.02174   0.02813  0.003364
   180/199    0.856G    0.0222   0.02708  0.002524    0.0518        20       640    0.6835    0.7991    0.8061    0.4965   0.02185    0.0284  0.003301
   181/199    0.856G   0.02229   0.02771  0.002121   0.05213        17       640    0.7096    0.7884    0.8078    0.4713    0.0222   0.02845  0.003335
   182/199    0.856G   0.02182    0.0271  0.002269   0.05119         3       640    0.6811    0.7685    0.7907    0.4741   0.02168   0.02819  0.004734
   183/199    0.856G   0.02215   0.02656  0.002273   0.05098        17       640    0.7157    0.8226    0.8076    0.4909   0.02174   0.02844  0.003946
   184/199    0.856G   0.02177    0.0272  0.002247   0.05121         4       640    0.6955    0.7438    0.7875     0.471   0.02206   0.02885  0.004907
   185/199    0.856G   0.02198    0.0268  0.001896   0.05068         5       640     0.679    0.7649    0.7857    0.4827   0.02197   0.02867  0.003391
   186/199    0.856G   0.02181   0.02794  0.002533   0.05228        23       640    0.6813    0.7826    0.8199    0.4893   0.02203   0.02873   0.00338
   187/199    0.856G   0.02224   0.02883  0.002975   0.05404         8       640    0.6431    0.8526    0.8444    0.5112   0.02205   0.02852  0.003084
   188/199    0.856G   0.02218   0.02773   0.00296   0.05287        24       640    0.6858    0.8259    0.8356    0.5163    0.0218   0.02827  0.003234
   189/199    0.856G    0.0218   0.02637  0.002208   0.05038         5       640    0.6334     0.799    0.8085    0.4948   0.02176   0.02818  0.004392
   190/199    0.856G   0.02253   0.02611  0.002316   0.05096        24       640    0.6847    0.8179    0.7977    0.4929   0.02165   0.02824  0.003736
   191/199    0.856G   0.02217   0.02715  0.002387   0.05171        16       640    0.6663    0.8131    0.7931    0.4839   0.02178   0.02782  0.003696
   192/199    0.856G    0.0224   0.02862  0.002262   0.05328         1       640    0.6609    0.8035    0.7808    0.4879   0.02168   0.02848  0.003637
   193/199    0.856G   0.02152   0.02741   0.00216    0.0511         4       640    0.7062    0.7563    0.7867     0.479   0.02188   0.02873  0.004887
   194/199    0.856G   0.02154   0.02687   0.00222   0.05064         7       640    0.6875    0.7932    0.8111    0.4807   0.02195   0.02864  0.004018
   195/199    0.856G   0.02137   0.02608  0.002222   0.04967         3       640    0.6795    0.7863    0.8158    0.4891   0.02187   0.02848  0.003392
   196/199    0.856G     0.021   0.02479  0.002297   0.04808         7       640    0.6957    0.8215     0.811    0.4882   0.02169   0.02827  0.004168
   197/199    0.856G   0.02131   0.02593  0.002271   0.04951         5       640    0.6772    0.7977     0.805     0.502   0.02176   0.02852  0.003378
   198/199    0.856G   0.02187   0.02775  0.002349   0.05198         2       640    0.6448    0.8088    0.7782    0.4884   0.02186   0.02852  0.003558
   199/199    0.856G   0.02212     0.026   0.00269   0.05081        22       640    0.6769    0.7436    0.7666    0.4677   0.02192   0.02866  0.004891
